    YEAR      PO    POse      NP    NPse      SP    SPse
2005.875   4.188   0.427   2.617   0.190   1.570   0.237
2006.875   4.705   0.397   2.304   0.166   2.401   0.231
2007.875   3.330   0.386   2.753   0.158   0.577   0.227
2008.875   4.317   0.342   2.683   0.160   1.634   0.182
2009.875   4.727   0.373   1.819   0.162   2.908   0.211
2010.875   3.054   0.389   2.345   0.179   0.709   0.210
2011.875   4.829   0.365   1.671   0.173   3.158   0.192
2012.875   4.227   0.325   2.391   0.142   1.836   0.182
2013.875   5.801   0.334   3.087   0.144   2.714   0.190
2014.875   6.267   0.294   2.352   0.125   3.915   0.170
2015.875   5.824   0.337   1.669   0.163   4.155   0.174
2016.875   7.499   0.304   3.554   0.127   3.945   0.177
2017.875   8.542   0.293   4.533   0.132   4.010   0.161
2018.875   9.133   0.311   3.929   0.162   5.204   0.149
2019.875   8.135   0.299   3.867   0.137   4.268   0.162
2020.875   8.444   0.339   4.499   0.164   3.945   0.175
2021.875   9.375   0.318   4.499   0.151   4.876   0.167
2022.875   9.805   0.353   4.321   0.154   5.484   0.199
2023.875  10.480   0.358   4.727   0.175   5.753   0.182
2024.875   9.800   0.304   5.520   0.138   4.280   0.165
2025.875  12.147   0.323   6.969   0.146   5.179   0.177
