    YEAR      AO    AOse      NA    NAse      SA    SAse
2005.375   5.677   0.398   3.642   0.205   2.035   0.193
2006.375   6.373   0.320   4.152   0.172   2.220   0.148
2007.375   5.301   0.329   3.613   0.169   1.687   0.160
2008.375   6.845   0.326   4.837   0.184   2.008   0.142
2009.375   5.198   0.262   2.895   0.141   2.304   0.120
2010.375   5.527   0.275   3.827   0.146   1.699   0.129
2011.375   7.010   0.290   4.228   0.159   2.782   0.131
2012.375   6.640   0.273   3.830   0.141   2.811   0.132
2013.375   7.866   0.224   4.312   0.122   3.554   0.103
2014.375   8.682   0.211   4.905   0.113   3.777   0.098
2015.375   9.259   0.205   5.092   0.097   4.166   0.108
2016.375   8.770   0.205   4.482   0.104   4.288   0.101
2017.375  10.320   0.209   5.827   0.101   4.494   0.108
2018.375   9.745   0.206   5.021   0.111   4.724   0.094
2019.375  10.664   0.213   5.683   0.108   4.981   0.105
2020.375  11.563   0.197   5.848   0.103   5.715   0.094
2021.375  12.664   0.188   6.803   0.096   5.861   0.093
2022.375  12.306   0.204   6.760   0.114   5.546   0.091
2023.375  12.809   0.187   7.040   0.103   5.769   0.084
2024.375  14.058   0.203   7.895   0.108   6.163   0.096
2025.375  12.657   0.225   7.274   0.115   5.383   0.109
