    YEAR      IO    IOse      NI    NIse      SI    SIse
2005.375   0.484   0.334   0.184   0.050   0.300   0.284
2006.375   1.822   0.270   0.375   0.037   1.447   0.234
2007.375   2.989   0.233   0.497   0.034   2.492   0.199
2008.375   3.318   0.249   0.525   0.033   2.793   0.216
2009.375   2.547   0.230   0.783   0.040   1.765   0.190
2010.375   4.026   0.183   0.883   0.036   3.143   0.147
2011.375   4.554   0.191   0.647   0.029   3.907   0.162
2012.375   4.406   0.169   0.960   0.024   3.447   0.145
2013.375   4.136   0.177   0.995   0.029   3.142   0.147
2014.375   4.883   0.175   0.901   0.024   3.982   0.151
2015.375   5.496   0.177   1.183   0.024   4.313   0.153
2016.375   4.960   0.161   1.477   0.020   3.483   0.141
2017.375   4.416   0.162   0.521   0.023   3.895   0.138
2018.375   4.289   0.156   0.581   0.022   3.708   0.134
2019.375   5.254   0.155   1.065   0.023   4.189   0.132
2020.375   4.721   0.164   1.440   0.027   3.281   0.137
2021.375   5.360   0.168   1.251   0.031   4.109   0.136
2022.375   5.295   0.202   0.791   0.034   4.503   0.169
2023.375   6.028   0.200   0.784   0.039   5.244   0.161
2024.375   6.994   0.206   1.082   0.029   5.911   0.177
2025.375   7.964   0.170   1.504   0.026   6.460   0.144
