    YEAR      PO    POse      NP    NPse      SP    SPse
2005.625   3.590   0.462   1.942   0.206   1.648   0.256
2006.625   4.346   0.436   2.435   0.178   1.910   0.258
2007.625   3.856   0.405   2.925   0.168   0.931   0.237
2008.625   4.485   0.380   3.191   0.167   1.294   0.213
2009.625   4.672   0.366   2.664   0.166   2.008   0.200
2010.625   3.580   0.389   2.154   0.168   1.426   0.221
2011.625   4.556   0.354   1.602   0.171   2.954   0.183
2012.625   4.566   0.321   2.276   0.143   2.290   0.178
2013.625   5.057   0.322   3.502   0.138   1.556   0.184
2014.625   5.745   0.293   1.902   0.127   3.843   0.166
2015.625   7.155   0.321   2.120   0.150   5.036   0.171
2016.625   7.424   0.294   4.233   0.127   3.192   0.167
2017.625   8.367   0.303   4.673   0.130   3.694   0.173
2018.625   8.235   0.309   3.699   0.149   4.536   0.160
2019.625   8.054   0.312   4.319   0.150   3.734   0.162
2020.625   8.249   0.330   4.392   0.151   3.857   0.179
2021.625   9.778   0.326   4.465   0.153   5.313   0.173
2022.625  10.138   0.369   4.164   0.163   5.974   0.206
2023.625  10.372   0.347   4.879   0.164   5.493   0.183
2024.625   9.536   0.328   5.633   0.140   3.903   0.188
2025.625  12.063   0.336   7.248   0.153   4.815   0.183
