    YEAR      PO    POse      NP    NPse      SP    SPse
2005.500   3.527   0.243   2.315   0.139   1.212   0.231
2006.500   4.759   0.174   2.529   0.158   2.229   0.234
2007.500   3.569   0.216   2.543   0.175   1.026   0.251
2008.500   4.517   0.108   2.934   0.193   1.583   0.130
2009.500   4.732   0.116   2.581   0.263   2.151   0.267
2010.500   3.941   0.460   2.399   0.107   1.542   0.377
2011.500   4.011   0.412   1.609   0.223   2.402   0.397
2012.500   4.965   0.568   2.489   0.135   2.476   0.442
2013.500   5.579   0.217   3.265   0.143   2.314   0.259
2014.500   6.329   0.248   2.541   0.324   3.788   0.092
2015.500   7.193   0.503   2.469   0.369   4.724   0.195
2016.500   6.822   0.379   3.558   0.267   3.264   0.310
2017.500   8.969   0.301   4.701   0.191   4.268   0.325
2018.500   8.806   0.238   4.155   0.236   4.651   0.186
2019.500   9.004   0.574   4.489   0.256   4.515   0.354
2020.500   9.086   0.457   4.666   0.132   4.421   0.327
2021.500   9.513   0.231   4.461   0.323   5.052   0.144
2022.500  10.267   0.184   4.617   0.219   5.651   0.110
2023.500  10.259   0.189   4.466   0.238   5.793   0.115
2024.500   9.718   0.218   5.416   0.101   4.302   0.283
2025.500  11.772   0.254   6.856   0.241   4.916   0.090
