    YEAR      WO    WOse      NH    NHse      SH    SHse
2005.125   8.973   1.292   5.614   0.483   3.359   0.809
2006.125  11.932   1.053   6.008   0.415   5.925   0.638
2007.125  13.498   0.911   6.577   0.347   6.921   0.564
2008.125  13.305   0.888   7.266   0.332   6.039   0.557
2009.125  12.615   0.896   6.329   0.382   6.286   0.514
2010.125  15.881   0.793   6.659   0.317   9.223   0.476
2011.125  15.216   0.884   6.511   0.344   8.705   0.540
2012.125  17.308   0.799   6.990   0.336  10.318   0.463
2013.125  20.318   0.728   8.798   0.282  11.520   0.446
2014.125  20.875   0.717   8.343   0.282  12.531   0.434
2015.125  23.417   0.694   9.057   0.260  14.360   0.434
2016.125  22.763   0.674   9.259   0.269  13.504   0.405
2017.125  23.700   0.660  10.307   0.262  13.393   0.398
2018.125  25.367   0.648  11.399   0.282  13.967   0.366
2019.125  25.724   0.713  11.663   0.310  14.061   0.403
2020.125  27.448   0.661  12.106   0.278  15.342   0.383
2021.125  27.434   0.713  13.006   0.299  14.427   0.413
2022.125  28.261   0.712  12.518   0.300  15.743   0.411
2023.125  29.339   0.726  11.816   0.292  17.523   0.434
2024.125  30.811   0.742  13.047   0.303  17.764   0.440
2025.125  32.145   0.719  14.975   0.289  17.170   0.430
2026.125  33.965   0.696  15.860   0.287  18.105   0.409
