    YEAR      IO    IOse      NI    NIse      SI    SIse
2005.875   2.194   0.289   0.137   0.037   2.057   0.252
2006.875   2.810   0.229   0.219   0.030   2.590   0.199
2007.875   3.124   0.283   0.383   0.038   2.741   0.244
2008.875   3.302   0.245   0.740   0.039   2.562   0.206
2009.875   3.832   0.215   0.597   0.038   3.236   0.177
2010.875   5.350   0.201   0.684   0.032   4.666   0.169
2011.875   4.860   0.169   0.610   0.026   4.250   0.144
2012.875   5.520   0.177   1.021   0.028   4.499   0.149
2013.875   5.815   0.172   0.630   0.027   5.186   0.145
2014.875   6.375   0.192   0.864   0.025   5.511   0.167
2015.875   7.234   0.172   1.223   0.025   6.011   0.147
2016.875   4.997   0.182   0.962   0.027   4.035   0.155
2017.875   5.651   0.164   0.579   0.025   5.072   0.139
2018.875   5.539   0.175   0.712   0.025   4.827   0.150
2019.875   6.189   0.190   0.957   0.027   5.232   0.164
2020.875   6.265   0.174   1.206   0.033   5.059   0.141
2021.875   5.896   0.183   0.970   0.034   4.926   0.149
2022.875   6.660   0.202   0.723   0.041   5.937   0.161
2023.875   7.789   0.229   0.765   0.032   7.024   0.197
2024.875   7.263   0.202   1.403   0.032   5.860   0.169
2025.875   8.483   0.193   1.439   0.030   7.044   0.163
