    YEAR      IO    IOse      NI    NIse      SI    SIse
2005.500   0.896   0.435   0.084   0.056   0.812   0.417
2006.500   1.997   0.306   0.204   0.081   1.793   0.281
2007.500   3.221   0.131   0.398   0.036   2.824   0.164
2008.500   3.140   0.165   0.516   0.103   2.625   0.205
2009.500   3.160   0.375   0.617   0.057   2.543   0.404
2010.500   4.605   0.286   0.719   0.063   3.886   0.330
2011.500   4.888   0.125   0.635   0.083   4.254   0.135
2012.500   4.839   0.261   0.885   0.066   3.954   0.251
2013.500   5.087   0.517   0.869   0.123   4.218   0.509
2014.500   5.502   0.318   0.742   0.102   4.761   0.333
2015.500   6.180   0.376   1.141   0.066   5.039   0.372
2016.500   4.953   0.692   1.245   0.107   3.708   0.714
2017.500   4.775   0.295   0.591   0.061   4.184   0.297
2018.500   4.708   0.282   0.563   0.056   4.145   0.241
2019.500   5.325   0.369   0.975   0.116   4.350   0.316
2020.500   5.273   0.377   1.233   0.104   4.040   0.441
2021.500   5.502   0.147   1.165   0.068   4.337   0.214
2022.500   5.731   0.320   0.708   0.047   5.022   0.331
2023.500   6.529   0.431   0.738   0.031   5.791   0.429
2024.500   7.090   0.222   1.112   0.165   5.978   0.100
2025.500   7.937   0.209   1.485   0.039   6.453   0.213
