    YEAR      AO    AOse      NA    NAse      SA    SAse
2005.125   5.305   0.385   3.185   0.184   2.120   0.201
2006.125   5.395   0.355   3.637   0.200   1.757   0.156
2007.125   5.900   0.296   3.996   0.156   1.904   0.140
2008.125   5.839   0.280   3.381   0.138   2.457   0.142
2009.125   5.095   0.310   2.771   0.185   2.324   0.125
2010.125   6.336   0.256   3.255   0.128   3.081   0.128
2011.125   6.466   0.270   3.525   0.137   2.941   0.133
2012.125   5.675   0.251   3.382   0.136   2.294   0.115
2013.125   8.134   0.217   4.125   0.121   4.009   0.096
2014.125   8.404   0.212   4.449   0.121   3.955   0.091
2015.125   9.078   0.210   4.736   0.108   4.342   0.103
2016.125   9.748   0.206   5.084   0.110   4.664   0.096
2017.125   9.534   0.214   5.173   0.113   4.361   0.101
2018.125  11.536   0.194   6.119   0.115   5.416   0.079
2019.125  10.831   0.225   5.922   0.114   4.909   0.111
2020.125  11.787   0.190   6.193   0.098   5.594   0.091
2021.125  12.246   0.206   6.511   0.108   5.735   0.097
2022.125  12.412   0.199   6.808   0.113   5.603   0.085
2023.125  12.479   0.186   6.711   0.104   5.768   0.082
2024.125  14.003   0.210   7.216   0.112   6.787   0.098
2025.125  13.258   0.213   7.212   0.111   6.047   0.102
2026.125  12.782   0.205   7.195   0.109   5.587   0.096
