    YEAR      PO    POse      NP    NPse      SP    SPse
2005.125   3.100   0.587   2.340   0.255   0.761   0.332
2006.125   5.195   0.440   2.383   0.181   2.812   0.260
2007.125   4.002   0.374   2.259   0.155   1.743   0.219
2008.125   4.823   0.371   3.330   0.162   1.494   0.210
2009.125   5.043   0.357   3.007   0.162   2.035   0.195
2010.125   5.214   0.356   2.673   0.150   2.541   0.206
2011.125   3.594   0.405   2.125   0.173   1.469   0.232
2012.125   6.657   0.382   2.886   0.171   3.771   0.211
2013.125   6.045   0.328   3.514   0.134   2.530   0.194
2014.125   6.955   0.328   3.441   0.133   3.514   0.195
2015.125   8.187   0.307   3.369   0.129   4.818   0.178
2016.125   6.383   0.304   2.924   0.136   3.458   0.168
2017.125   9.555   0.284   4.359   0.122   5.197   0.161
2018.125   9.259   0.299   4.795   0.144   4.464   0.155
2019.125  10.478   0.327   5.057   0.168   5.421   0.159
2020.125  10.211   0.300   4.957   0.152   5.254   0.148
2021.125   9.970   0.341   5.231   0.161   4.739   0.180
2022.125  10.530   0.335   4.962   0.154   5.568   0.181
2023.125  10.489   0.341   4.457   0.150   6.032   0.192
2024.125  10.282   0.335   5.172   0.159   5.110   0.175
2025.125  11.036   0.314   6.155   0.146   4.882   0.168
2026.125  14.152   0.322   7.374   0.151   6.778   0.171
