    YEAR      IO    IOse      NI    NIse      SI    SIse
2005.125   0.569   0.319   0.090   0.043   0.479   0.275
2006.125   1.341   0.257  -0.014   0.035   1.355   0.222
2007.125   3.596   0.241   0.322   0.035   3.275   0.205
2008.125   2.646   0.236   0.558   0.031   2.088   0.205
2009.125   2.476   0.229   0.550   0.034   1.926   0.194
2010.125   4.327   0.180   0.726   0.037   3.600   0.143
2011.125   5.136   0.208   0.842   0.033   4.294   0.175
2012.125   4.976   0.166   0.722   0.028   4.253   0.138
2013.125   6.134   0.183   1.154   0.027   4.981   0.156
2014.125   5.514   0.176   0.451   0.028   5.062   0.148
2015.125   6.142   0.177   0.943   0.023   5.199   0.153
2016.125   6.621   0.163   1.239   0.022   5.382   0.141
2017.125   4.602   0.161   0.767   0.025   3.835   0.136
2018.125   4.548   0.155   0.461   0.022   4.087   0.132
2019.125   4.396   0.160   0.665   0.027   3.731   0.133
2020.125   5.450   0.172   0.956   0.028   4.494   0.144
2021.125   5.217   0.166   1.264   0.030   3.953   0.136
2022.125   5.318   0.178   0.746   0.033   4.572   0.145
2023.125   6.371   0.199   0.648   0.038   5.723   0.160
2024.125   6.526   0.197   0.660   0.031   5.866   0.166
2025.125   7.826   0.190   1.585   0.030   6.241   0.160
2026.125   7.032   0.168   1.291   0.027   5.740   0.142
