    YEAR      AO    AOse      NA    NAse      SA    SAse
2005.875   6.256   0.393   3.303   0.220   2.953   0.173
2006.875   5.830   0.327   3.583   0.155   2.247   0.172
2007.875   5.977   0.315   3.496   0.137   2.481   0.179
2008.875   4.464   0.286   2.623   0.141   1.841   0.145
2009.875   6.503   0.312   3.936   0.180   2.566   0.132
2010.875   6.395   0.263   3.607   0.135   2.788   0.128
2011.875   5.171   0.260   3.302   0.146   1.869   0.114
2012.875   6.882   0.274   3.956   0.138   2.926   0.135
2013.875   8.945   0.233   4.789   0.122   4.157   0.111
2014.875   8.475   0.221   4.315   0.115   4.160   0.105
2015.875   9.201   0.217   4.981   0.114   4.220   0.102
2016.875   9.044   0.224   5.083   0.119   3.960   0.105
2017.875  10.325   0.215   5.767   0.106   4.558   0.109
2018.875  10.928   0.240   6.033   0.124   4.895   0.116
2019.875  11.712   0.227   6.110   0.112   5.602   0.115
2020.875  11.213   0.233   5.800   0.118   5.413   0.115
2021.875  12.956   0.211   7.029   0.110   5.927   0.101
2022.875  12.299   0.203   6.959   0.112   5.340   0.090
2023.875  12.443   0.201   6.886   0.105   5.557   0.097
2024.875  13.194   0.214   7.160   0.108   6.034   0.107
2025.875  12.678   0.220   7.598   0.114   5.079   0.105
