    YEAR      AO    AOse      NA    NAse      SA    SAse
1955.500  -1.188   0.599  -0.559   0.480  -0.629   0.170
1956.500  -1.441   0.393  -0.918   0.222  -0.523   0.214
1957.500  -2.544   0.823  -1.226   0.360  -1.318   0.487
1958.500  -0.970   0.195  -0.334   0.100  -0.636   0.149
1959.500  -2.425   0.284  -1.270   0.111  -1.155   0.185
1960.500  -0.722   0.384  -0.182   0.293  -0.540   0.258
1961.500  -1.068   0.212  -0.858   0.327  -0.210   0.163
1962.500  -1.302   0.100  -1.040   0.097  -0.262   0.146
1963.500  -1.859   0.446  -1.460   0.388  -0.399   0.289
1964.500  -1.734   0.358  -1.163   0.148  -0.571   0.261
1965.500  -1.632   0.398  -1.000   0.122  -0.633   0.467
1966.500  -1.315   0.311  -0.801   0.175  -0.514   0.140
1967.500  -2.126   0.700  -1.357   0.322  -0.769   0.388
1968.500  -2.265   0.344  -1.931   0.159  -0.334   0.309
1969.500  -1.624   0.090  -1.297   0.174  -0.327   0.225
1970.500  -1.762   0.304  -1.121   0.240  -0.642   0.124
1971.500  -1.753   0.355  -1.188   0.188  -0.565   0.233
1972.500  -2.215   0.343  -1.344   0.160  -0.871   0.246
1973.500  -1.174   0.547  -0.994   0.308  -0.180   0.423
1974.500  -1.930   0.209  -1.198   0.073  -0.732   0.196
1975.500  -1.026   0.262  -0.616   0.104  -0.410   0.230
1976.500  -1.875   0.180  -1.010   0.327  -0.865   0.192
1977.500  -0.974   0.623  -0.476   0.157  -0.497   0.669
1978.500  -0.810   0.331  -0.113   0.360  -0.697   0.310
1979.500  -1.054   0.488  -1.158   0.067   0.104   0.442
1980.500  -0.202   0.221   0.198   0.305  -0.400   0.469
1981.500  -0.582   0.246  -0.651   0.104   0.069   0.254
1982.500  -0.909   0.232  -1.145   0.088   0.236   0.278
1983.500   0.058   0.740  -0.393   0.195   0.450   0.640
1984.500  -0.028   0.818  -0.566   0.276   0.538   0.595
1985.500  -0.020   0.429  -0.201   0.200   0.181   0.322
1986.500  -0.109   0.271  -0.363   0.187   0.254   0.385
1987.500   0.300   0.360   0.025   0.258   0.275   0.518
1988.500  -0.182   0.285  -0.142   0.195  -0.040   0.426
1989.500   0.424   0.262  -0.279   0.128   0.703   0.216
1990.500  -0.053   0.752  -0.116   0.332   0.063   0.549
1991.500   1.063   0.594   0.982   0.335   0.081   0.520
1992.500   1.108   0.318   1.027   0.151   0.082   0.217
1993.500   1.232   0.493   0.672   0.226   0.560   0.355
1994.500   0.577   0.355   0.218   0.159   0.359   0.216
1995.500   1.763   0.456   1.302   0.143   0.460   0.568
1996.500   2.306   0.323   1.769   0.130   0.537   0.219
1997.500   0.733   0.406   0.658   0.124   0.075   0.378
1998.500   2.283   0.155   2.045   0.197   0.238   0.297
1999.500   2.847   0.478   2.314   0.140   0.532   0.367
2000.500   2.336   0.385   2.027   0.105   0.309   0.472
2001.500   1.990   0.624   2.406   0.343  -0.416   0.303
2002.500   3.346   0.581   2.702   0.203   0.644   0.416
2003.500   4.479   0.510   3.554   0.129   0.925   0.429
2004.500   4.564   0.194   3.775   0.196   0.789   0.309
2005.500   4.833   0.086   3.254   0.199   1.579   0.184
2006.500   4.914   0.103   3.429   0.183   1.484   0.124
2007.500   4.387   0.104   3.122   0.088   1.264   0.152
2008.500   4.296   0.374   3.046   0.346   1.250   0.081
2009.500   3.992   0.217   2.580   0.172   1.412   0.147
2010.500   4.435   0.092   3.025   0.219   1.409   0.252
2011.500   4.518   0.379   2.938   0.214   1.580   0.243
2012.500   3.989   0.228   2.452   0.123   1.537   0.141
2013.500   5.106   0.237   2.985   0.039   2.120   0.226
2014.500   5.086   0.180   2.872   0.120   2.213   0.114
2015.500   5.679   0.128   3.134   0.082   2.544   0.049
2016.500   5.811   0.250   3.490   0.126   2.321   0.261
2017.500   6.363   0.204   3.869   0.091   2.494   0.220
2018.500   7.072   0.318   3.877   0.218   3.195   0.130
2019.500   7.503   0.152   4.224   0.108   3.279   0.142
2020.500   7.459   0.274   4.057   0.130   3.402   0.195
2021.500   8.362   0.298   4.722   0.085   3.641   0.228
2022.500   8.260   0.178   4.900   0.079   3.360   0.183
2023.500   8.468   0.122   5.024   0.068   3.444   0.161
2024.500   9.232   0.236   5.355   0.138   3.877   0.256
2025.500   8.500   0.170   5.293   0.082   3.208   0.175
