    YEAR      AO    AOse      NA    NAse      SA    SAse
2005.625   5.760   0.384   4.295   0.226   1.464   0.158
2006.625   5.901   0.385   3.853   0.220   2.047   0.164
2007.625   5.252   0.378   4.295   0.210   0.957   0.167
2008.625   5.220   0.306   3.278   0.162   1.942   0.143
2009.625   5.352   0.279   3.363   0.165   1.989   0.114
2010.625   5.653   0.270   4.077   0.146   1.576   0.125
2011.625   7.297   0.260   4.559   0.134   2.739   0.127
2012.625   6.305   0.268   3.246   0.122   3.059   0.145
2013.625   6.963   0.251   4.332   0.141   2.632   0.110
2014.625   7.519   0.210   4.136   0.110   3.383   0.100
2015.625   8.536   0.221   4.343   0.118   4.193   0.103
2016.625   8.476   0.215   5.559   0.112   2.917   0.103
2017.625   9.168   0.217   5.772   0.115   3.396   0.102
2018.625   9.889   0.233   5.286   0.130   4.603   0.103
2019.625  11.203   0.221   6.173   0.116   5.031   0.106
2020.625  10.102   0.216   5.524   0.112   4.578   0.104
2021.625  11.184   0.205   6.477   0.113   4.707   0.092
2022.625  11.758   0.189   7.153   0.105   4.606   0.084
2023.625  11.977   0.192   7.191   0.107   4.787   0.085
2024.625  12.779   0.210   7.538   0.117   5.241   0.094
2025.625  12.680   0.221   7.762   0.112   4.918   0.109
