    YEAR      AO    AOse      NA    NAse      SA    SAse
2005.500   5.749   0.196   3.606   0.249   2.143   0.307
2006.500   5.875   0.200   3.807   0.129   2.068   0.113
2007.500   5.608   0.192   3.850   0.183   1.757   0.315
2008.500   5.592   0.503   3.530   0.467   2.062   0.136
2009.500   5.537   0.326   3.241   0.264   2.296   0.118
2010.500   5.978   0.226   3.692   0.174   2.286   0.380
2011.500   6.486   0.471   3.903   0.294   2.583   0.242
2012.500   6.375   0.262   3.603   0.171   2.772   0.167
2013.500   7.977   0.408   4.389   0.141   3.588   0.344
2014.500   8.270   0.257   4.451   0.164   3.819   0.165
2015.500   9.018   0.165   4.788   0.166   4.230   0.039
2016.500   9.009   0.272   5.052   0.221   3.957   0.375
2017.500   9.837   0.290   5.635   0.155   4.202   0.272
2018.500  10.524   0.428   5.615   0.272   4.909   0.179
2019.500  11.103   0.232   5.972   0.110   5.131   0.159
2020.500  11.166   0.374   5.841   0.137   5.325   0.256
2021.500  12.263   0.388   6.705   0.130   5.558   0.286
2022.500  12.194   0.147   6.920   0.088   5.274   0.230
2023.500  12.427   0.171   6.957   0.103   5.470   0.233
2024.500  13.508   0.313   7.452   0.169   6.056   0.318
2025.500  12.818   0.147   7.462   0.131   5.357   0.249
