    YEAR      IO    IOse      NI    NIse      SI    SIse
1955.500  -0.141   0.129   0.098   0.088  -0.240   0.061
1956.500  -0.198   0.247  -0.095   0.073  -0.104   0.266
1957.500  -0.467   0.394  -0.227   0.078  -0.240   0.325
1958.500   0.070   0.340  -0.018   0.076   0.088   0.367
1959.500  -0.081   0.300   0.059   0.053  -0.140   0.256
1960.500  -0.430   0.268   0.056   0.099  -0.486   0.175
1961.500  -0.195   0.151  -0.184   0.216  -0.011   0.090
1962.500  -0.143   0.156  -0.034   0.048  -0.110   0.178
1963.500  -0.489   0.314  -0.154   0.144  -0.335   0.331
1964.500  -0.128   0.309   0.019   0.112  -0.147   0.350
1965.500  -1.049   0.114  -0.163   0.064  -0.887   0.124
1966.500  -0.305   0.252  -0.117   0.095  -0.187   0.331
1967.500  -0.886   0.645  -0.096   0.074  -0.790   0.654
1968.500  -1.259   0.548  -0.123   0.089  -1.137   0.468
1969.500  -0.991   0.191  -0.189   0.027  -0.803   0.182
1970.500  -1.233   0.179  -0.025   0.083  -1.208   0.134
1971.500  -0.840   0.339   0.019   0.048  -0.859   0.367
1972.500  -1.028   0.423  -0.057   0.030  -0.971   0.425
1973.500  -0.522   0.301  -0.078   0.058  -0.444   0.248
1974.500  -0.167   0.258   0.042   0.067  -0.209   0.196
1975.500  -0.164   0.302  -0.211   0.024   0.047   0.284
1976.500  -0.216   0.652  -0.221   0.059   0.004   0.678
1977.500   0.492   0.137   0.028   0.096   0.464   0.179
1978.500   0.504   0.360  -0.032   0.113   0.537   0.253
1979.500   0.213   0.426  -0.227   0.096   0.439   0.386
1980.500   0.608   0.496   0.117   0.057   0.491   0.445
1981.500   0.267   0.300   0.310   0.127  -0.043   0.290
1982.500   0.222   0.268   0.096   0.075   0.126   0.223
1983.500   0.180   0.556   0.258   0.090  -0.078   0.482
1984.500   0.184   0.335  -0.018   0.092   0.202   0.371
1985.500   0.692   0.323   0.185   0.025   0.507   0.328
1986.500   0.076   0.380  -0.098   0.066   0.174   0.408
1987.500   0.624   0.498   0.178   0.256   0.446   0.653
1988.500   0.640   0.380   0.166   0.098   0.475   0.286
1989.500   0.421   0.134   0.204   0.047   0.217   0.125
1990.500   0.424   0.408   0.161   0.083   0.263   0.369
1991.500   0.717   0.172   0.110   0.071   0.607   0.131
1992.500  -0.706   0.168   0.098   0.088  -0.805   0.205
1993.500  -0.675   0.255   0.142   0.062  -0.817   0.266
1994.500   0.197   0.334   0.026   0.047   0.171   0.338
1995.500   0.453   0.343   0.106   0.029   0.347   0.355
1996.500  -0.556   0.557  -0.076   0.045  -0.480   0.516
1997.500   0.607   0.517  -0.085   0.066   0.692   0.566
1998.500   0.997   0.225  -0.024   0.072   1.022   0.233
1999.500   0.850   0.293  -0.196   0.045   1.046   0.292
2000.500   0.983   0.450  -0.183   0.036   1.165   0.473
2001.500   0.119   0.646  -0.039   0.090   0.159   0.577
2002.500   0.921   0.130   0.145   0.042   0.776   0.155
2003.500   1.144   0.076   0.133   0.067   1.011   0.122
2004.500   1.423   0.190   0.180   0.037   1.243   0.169
2005.500   0.424   0.264   0.084   0.037   0.341   0.240
2006.500   1.156   0.319   0.146   0.053   1.010   0.283
2007.500   2.056   0.101   0.222   0.041   1.834   0.125
2008.500   1.950   0.213   0.360   0.041   1.590   0.248
2009.500   2.246   0.196   0.485   0.044   1.761   0.208
2010.500   3.274   0.263   0.479   0.066   2.795   0.307
2011.500   3.503   0.113   0.456   0.013   3.048   0.112
2012.500   3.459   0.185   0.656   0.061   2.803   0.182
2013.500   3.697   0.331   0.700   0.077   2.997   0.342
2014.500   3.756   0.203   0.549   0.054   3.208   0.226
2015.500   4.316   0.322   0.819   0.071   3.498   0.308
2016.500   3.470   0.459   0.984   0.072   2.487   0.501
2017.500   3.149   0.190   0.560   0.031   2.589   0.197
2018.500   3.124   0.279   0.415   0.042   2.709   0.240
2019.500   3.534   0.281   0.708   0.121   2.826   0.212
2020.500   3.427   0.285   0.922   0.085   2.506   0.334
2021.500   3.522   0.127   0.924   0.041   2.598   0.166
2022.500   3.751   0.265   0.633   0.034   3.117   0.281
2023.500   4.543   0.372   0.616   0.036   3.927   0.370
2024.500   5.072   0.164   0.729   0.147   4.343   0.068
2025.500   5.551   0.114   1.147   0.034   4.404   0.085
