    YEAR      PO    POse      NP    NPse      SP    SPse
1955.500  -1.877   1.321  -0.984   0.608  -0.893   0.715
1956.500  -0.967   0.556  -0.828   0.289  -0.139   0.400
1957.500  -1.593   0.539  -0.780   0.249  -0.813   0.356
1958.500  -0.635   0.580   0.160   0.261  -0.795   0.566
1959.500   0.316   0.345   0.656   0.405  -0.340   0.137
1960.500  -0.298   0.115   0.413   0.392  -0.711   0.442
1961.500  -0.858   0.204  -0.246   0.280  -0.612   0.237
1962.500   0.364   0.759   0.601   0.555  -0.236   0.255
1963.500   0.068   0.066  -0.305   0.382   0.373   0.330
1964.500  -1.261   0.593  -0.089   0.219  -1.172   0.510
1965.500  -0.386   0.431  -0.002   0.400  -0.383   0.355
1966.500  -2.322   0.260  -0.463   0.311  -1.859   0.053
1967.500  -1.350   0.133  -0.754   0.342  -0.595   0.341
1968.500  -2.197   0.495  -1.335   0.239  -0.863   0.348
1969.500  -1.869   0.585  -2.528   0.312   0.658   0.513
1970.500  -2.303   0.602  -1.600   0.489  -0.704   0.237
1971.500  -1.172   0.566  -1.484   0.254   0.312   0.533
1972.500  -1.991   0.836  -2.908   0.384   0.917   0.565
1973.500  -1.825   0.952  -0.854   0.705  -0.970   0.331
1974.500  -0.667   0.425  -1.155   0.173   0.488   0.558
1975.500  -0.359   0.260  -0.367   0.293   0.008   0.112
1976.500  -0.503   0.437  -1.326   0.513   0.823   0.259
1977.500   0.516   0.725   0.304   0.116   0.212   0.726
1978.500   0.363   0.315   0.284   0.199   0.078   0.452
1979.500  -0.119   0.400   0.207   0.247  -0.326   0.296
1980.500   0.686   0.235   0.297   0.344   0.389   0.309
1981.500   0.436   0.177   0.912   0.145  -0.476   0.101
1982.500  -1.615   0.642  -1.225   0.288  -0.390   0.579
1983.500  -2.983   0.698  -0.180   0.398  -2.803   0.607
1984.500  -0.607   0.194   0.728   0.234  -1.335   0.238
1985.500  -0.556   0.659  -0.096   0.325  -0.459   0.450
1986.500  -1.005   0.492  -0.684   0.240  -0.322   0.267
1987.500  -1.823   0.329  -0.805   0.133  -1.018   0.284
1988.500   0.629   0.334   0.185   0.240   0.443   0.199
1989.500   0.068   0.282   0.209   0.294  -0.141   0.145
1990.500  -0.192   0.220  -0.461   0.259   0.269   0.353
1991.500   0.863   0.380  -0.101   0.035   0.964   0.372
1992.500   0.180   0.201   0.536   0.198  -0.356   0.220
1993.500   0.133   0.216   0.292   0.194  -0.159   0.409
1994.500   0.737   0.398   0.491   0.227   0.246   0.225
1995.500   0.051   0.453  -0.463   0.316   0.515   0.182
1996.500   2.795   0.232   1.310   0.269   1.485   0.115
1997.500   1.910   0.567   0.267   0.308   1.644   0.287
1998.500   1.021   0.413   1.038   0.468  -0.017   0.169
1999.500   2.245   0.700   2.216   0.208   0.029   0.543
2000.500   2.355   0.330   2.015   0.167   0.340   0.229
2001.500   2.003   0.366   1.675   0.299   0.329   0.332
2002.500   2.516   0.162   1.277   0.234   1.239   0.390
2003.500   4.329   0.315   1.970   0.156   2.360   0.243
2004.500   4.254   0.145   2.331   0.066   1.923   0.175
2005.500   3.156   0.081   1.882   0.139   1.274   0.188
2006.500   4.352   0.187   2.309   0.084   2.043   0.149
2007.500   3.039   0.146   2.320   0.163   0.719   0.199
2008.500   3.799   0.188   2.659   0.226   1.139   0.101
2009.500   3.889   0.278   2.399   0.306   1.490   0.215
2010.500   2.646   0.419   1.886   0.134   0.760   0.335
2011.500   2.840   0.370   1.324   0.234   1.516   0.312
2012.500   3.486   0.450   1.909   0.160   1.577   0.313
2013.500   3.791   0.088   2.525   0.106   1.266   0.149
2014.500   4.411   0.230   1.778   0.343   2.633   0.121
2015.500   5.118   0.439   1.625   0.334   3.493   0.162
2016.500   4.676   0.387   2.441   0.236   2.235   0.291
2017.500   6.359   0.257   3.415   0.142   2.943   0.281
2018.500   6.504   0.140   3.018   0.227   3.486   0.221
2019.500   6.684   0.460   3.252   0.227   3.432   0.255
2020.500   6.638   0.326   3.335   0.119   3.302   0.208
2021.500   6.849   0.212   3.185   0.300   3.664   0.131
2022.500   7.676   0.141   3.522   0.178   4.155   0.107
2023.500   7.718   0.180   3.342   0.212   4.376   0.056
2024.500   7.166   0.170   4.091   0.077   3.075   0.208
2025.500   8.788   0.229   5.404   0.202   3.383   0.069
