    YEAR      WO    WOse      NH    NHse      SH    SHse
2005.875  12.637   1.109   6.057   0.447   6.580   0.662
2006.875  13.357   0.955   6.119   0.353   7.238   0.602
2007.875  12.419   0.986   6.620   0.336   5.799   0.650
2008.875  12.091   0.875   6.054   0.341   6.037   0.534
2009.875  15.053   0.902   6.343   0.382   8.710   0.520
2010.875  14.823   0.856   6.661   0.348   8.163   0.508
2011.875  14.860   0.795   5.583   0.344   9.277   0.450
2012.875  16.630   0.775   7.370   0.309   9.260   0.466
2013.875  20.558   0.741   8.502   0.295  12.056   0.446
2014.875  21.123   0.707   7.537   0.265  13.587   0.442
2015.875  22.272   0.727   7.886   0.303  14.386   0.423
2016.875  21.558   0.711   9.618   0.275  11.940   0.436
2017.875  24.525   0.674  10.885   0.264  13.640   0.409
2018.875  25.616   0.727  10.690   0.312  14.926   0.415
2019.875  26.036   0.717  10.934   0.276  15.102   0.441
2020.875  25.921   0.746  11.505   0.315  14.416   0.431
2021.875  28.227   0.712  12.499   0.295  15.728   0.417
2022.875  28.764   0.758  12.004   0.307  16.761   0.451
2023.875  30.713   0.788  12.378   0.312  18.334   0.476
2024.875  30.257   0.719  14.084   0.278  16.173   0.441
2025.875  33.309   0.736  16.006   0.291  17.302   0.445
