    YEAR      WO    WOse      NH    NHse      SH    SHse
2005.375   9.392   1.223   6.187   0.479   3.205   0.743
2006.375  12.998   1.007   7.536   0.375   5.462   0.632
2007.375  11.383   0.953   6.351   0.361   5.032   0.592
2008.375  14.606   0.934   7.894   0.385   6.712   0.549
2009.375  12.241   0.829   6.518   0.338   5.723   0.491
2010.375  13.485   0.830   7.148   0.332   6.337   0.498
2011.375  14.630   0.877   5.916   0.365   8.715   0.512
2012.375  15.461   0.778   7.196   0.319   8.266   0.460
2013.375  17.426   0.712   8.274   0.288   9.152   0.424
2014.375  19.915   0.696   8.277   0.277  11.638   0.420
2015.375  22.369   0.700   9.005   0.261  13.364   0.439
2016.375  19.731   0.680   9.498   0.264  10.233   0.416
2017.375  24.154   0.676  11.594   0.257  12.560   0.418
2018.375  22.652   0.673   9.820   0.282  12.831   0.391
2019.375  25.267   0.684  11.458   0.288  13.808   0.396
2020.375  25.726   0.676  12.103   0.281  13.622   0.395
2021.375  26.953   0.694  11.704   0.290  15.249   0.404
2022.375  28.196   0.756  12.570   0.305  15.626   0.451
2023.375  28.553   0.744  11.647   0.304  16.906   0.440
2024.375  30.306   0.759  14.316   0.284  15.990   0.475
2025.375  32.460   0.703  15.830   0.276  16.630   0.427
