    YEAR      PO    POse      NP    NPse      SP    SPse
2005.375   3.231   0.490   2.362   0.223   0.869   0.266
2006.375   4.789   0.416   2.995   0.165   1.794   0.250
2007.375   3.087   0.390   2.234   0.157   0.853   0.233
2008.375   4.443   0.358   2.532   0.167   1.912   0.191
2009.375   4.487   0.336   2.833   0.155   1.654   0.181
2010.375   3.917   0.371   2.423   0.149   1.494   0.222
2011.375   3.064   0.395   1.038   0.176   2.026   0.219
2012.375   4.410   0.336   2.401   0.153   2.009   0.183
2013.375   5.415   0.310   2.958   0.136   2.457   0.174
2014.375   6.350   0.310   2.471   0.140   3.879   0.171
2015.375   7.606   0.317   2.721   0.139   4.885   0.177
2016.375   5.981   0.313   3.520   0.138   2.462   0.174
2017.375   9.412   0.304   5.241   0.132   4.171   0.172
2018.375   8.595   0.310   4.195   0.147   4.400   0.163
2019.375   9.349   0.316   4.710   0.157   4.638   0.159
2020.375   9.441   0.315   4.815   0.151   4.626   0.163
2021.375   8.929   0.338   3.650   0.163   5.279   0.175
2022.375  10.596   0.348   5.020   0.157   5.577   0.191
2023.375   9.697   0.355   3.802   0.161   5.894   0.195
2024.375   9.255   0.349   5.339   0.147   3.916   0.202
2025.375  11.839   0.308   7.052   0.134   4.788   0.174
