    YEAR      IO    IOse      NI    NIse      SI    SIse
2005.625   0.337   0.286  -0.074   0.043   0.411   0.244
2006.625   2.014   0.257   0.236   0.034   1.778   0.223
2007.625   3.176   0.248   0.390   0.035   2.786   0.212
2008.625   3.296   0.221   0.240   0.030   3.056   0.190
2009.625   3.784   0.208   0.538   0.038   3.246   0.170
2010.625   4.718   0.208   0.582   0.040   4.136   0.168
2011.625   5.003   0.181   0.438   0.033   4.565   0.148
2012.625   4.456   0.163   0.836   0.028   3.619   0.135
2013.625   4.262   0.171   0.699   0.029   3.563   0.142
2014.625   5.238   0.183   0.751   0.029   4.487   0.154
2015.625   5.846   0.180   1.213   0.020   4.632   0.160
2016.625   3.232   0.174   1.301   0.020   1.931   0.153
2017.625   4.431   0.161   0.499   0.020   3.932   0.141
2018.625   4.456   0.153   0.498   0.023   3.958   0.130
2019.625   5.461   0.161   1.215   0.025   4.246   0.136
2020.625   4.655   0.157   1.330   0.024   3.325   0.133
2021.625   5.535   0.174   1.175   0.031   4.360   0.143
2022.625   5.650   0.199   0.573   0.039   5.077   0.161
2023.625   5.927   0.208   0.755   0.038   5.172   0.170
2024.625   7.575   0.200   1.301   0.033   6.275   0.167
2025.625   7.476   0.178   1.411   0.028   6.064   0.150
