    YEAR      WO    WOse      NH    NHse      SH    SHse
2005.625   9.682   1.132   6.159   0.475   3.523   0.658
2006.625  12.264   1.079   6.529   0.433   5.736   0.646
2007.625  12.277   1.030   7.602   0.413   4.675   0.617
2008.625  13.025   0.909   6.733   0.362   6.292   0.547
2009.625  13.817   0.854   6.574   0.370   7.242   0.484
2010.625  13.960   0.869   6.822   0.355   7.138   0.514
2011.625  16.870   0.797   6.613   0.340  10.257   0.458
2012.625  15.346   0.757   6.378   0.298   8.968   0.458
2013.625  16.297   0.747   8.547   0.311   7.750   0.436
2014.625  18.526   0.686   6.814   0.266  11.712   0.420
2015.625  21.546   0.722   7.685   0.289  13.861   0.434
2016.625  19.146   0.684  11.106   0.261   8.040   0.424
2017.625  21.977   0.682  10.956   0.266  11.022   0.416
2018.625  22.603   0.697   9.506   0.305  13.097   0.392
2019.625  24.718   0.694  11.707   0.291  13.011   0.403
2020.625  23.007   0.704  11.246   0.288  11.760   0.415
2021.625  26.505   0.706  12.125   0.297  14.380   0.409
2022.625  27.546   0.757  11.890   0.307  15.657   0.451
2023.625  28.276   0.747  12.824   0.309  15.451   0.438
2024.625  29.890   0.738  14.471   0.290  15.418   0.448
2025.625  32.219   0.734  16.422   0.292  15.797   0.442
